1.5 20.0 0.0
1.5 20.0 0.0
1.5 20.0 0.0
1.5 20.0 0.0
1.5 20.0 0.0
1.5 20.0 0.0
1.5 20.0 0.0
1.5 20.0 0.0
1.5 20.0 0.0
-1.0 20. 0.0
1  0  .02 .66 .60   0. 1.5 3.0
1  0  .02 .66 .60  90. 1.5 3.0
1  2  .16 .50 .60 180. 1.5 3.0
1  4  .16 .50 .60 270. 1.5 3.0
2  0  .02 .66 .60  90. 1.5 3.0
2  3  .16 .66 .60 180. 1.5 3.0
2  9  .04 .50 .60 270. 1.5 3.0
3  0  .02 .66 .60  90. 1.5 3.0
3  0  .02 .66 .60 180. 1.5 3.0
3  5  .16 .50 .60 270. 1.5 3.0
4  0  .02 .66 .60   0. 1.5 3.0
4  9  .04 .50 .60 180. 1.5 3.0
4  6  .16 .50 .60 270. 1.5 3.0
5  0  .02 .66 .60 180. 1.5 3.0
5  8  .16 .50 .60 270. 1.5 3.0
5  9  .04 .50 .60   0. 1.5 3.0
6  0  .02 .66 .60   0. 1.5 3.0
6  7  .16 .50 .60 180. 1.5 3.0
6  0  .02 .66 .60 270. 1.5 3.0
7  9  .04 .50 .60  90. 1.5 3.0
7  8  .16 .50 .60 180. 1.5 3.0
7  0  .02 .66 .60 270. 1.5 3.0
8  0  .02 .66 .60 180. 1.5 3.0
8  0  .02 .66 .60 270. 1.5 3.0
-1 0  .02 .66 .60 270. 4.5 6.0
 AMAXIT=20,ACNVG1=.01,ACNVG2=.00001,ACNVG3=.00001,SPD=5.000,DIR=0.,LIST=1 /
 AMAXIT=0 /
